tFin = 3153600000 
m1 = 1.98892e30
m2 = 1.898e27
x0= 1.556958e12 
v0x= -11000
v0y= 2000
a = 778.479e9
nsel_physics = 1
adapt = 0
tol = 30
sampling = 1 //frequency of data writing
nsteps = 3000 
